265594 273164
265594 273163
273164 273163
1076120 1056110
358534 332457
255362 206
273169 273175
273169 283604
273175 283604
256 252
332473 95043
332473 95039
332473 95038
95043 95039
95043 95038
95039 95038
273166 273167
273166 265595
273167 265595
332467 95016
332467 95024
95016 95024
260 48167
260 262
95054 95053
95054 332478
95053 332478
255364 255366
202 203
332469 95030
332469 95033
95030 95033
332475 95041
332474 332475
332474 95041
358591 95035
300832 300834
363395 386451
205 48163
358581 332470
358581 95032
332470 95032
82482 268980
265597 273184
265597 265598
273184 265598
255358 255360
328276 328275
358541 358538
358541 332458
358538 332458
358557 332463
358557 358536
358557 358539
358557 95006
332463 358536
332463 358539
332463 95006
358536 358539
358536 95006
358539 95006
358557 332459
332459 332463
358539 332459
95006 332459
332465 95014
210 222
95026 95027
95026 332468
95027 332468
300848 248
209 217
228 229
228 48165
229 48165
300840 283599
1076123 1056111
82481 358597
273158 265593
273158 358564
265593 358564
